Rank Index_SNP A12 Frqcase Frqcontrol Chr Position Combined_OR Combined_P Discovery_OR Discovery_P Replication_OR Replication_P
54 rs4648845 TC 0.533 0.527 1 2,372,401-2,402,501 1.072 (1.049-1.097) 8.7e-10 1.071 4.03e-9 1.088 8.85e-2
57 chr1_8424984_D I2D 0.319 0.301 1 8,411,184-8,638,984 1.071 (1.048-1.095) 1.17e-9 1.071 2.03e-9 1.057 2.96e-1
65 rs1498232 TC 0.311 0.296 1 30,412,551-30,437,271 1.069 (1.046-1.093) 2.86e-9 1.072 1.28e-9 0.999 9.88e-1
50 rs11210892 AG 0.659 0.677 1 44,029,384-44,128,084 0.934 (0.914-0.954) 3.39e-10 0.933 4.97e-10 0.949 3.08e-1
22 rs12129573 AC 0.377 0.358 1 73,766,426-73,991,366 1.078 (1.056-1.101) 2.03e-12 1.072 2.35e-10 1.217 6.25e-5
107 rs76869799 CG 0.959 0.964 1 97,792,625-97,834,525 0.846 (0.798-0.897) 2.64e-8 0.850 1.44e-7 0.779 5.34e-2
2 rs1702294 TC 0.175 0.191 1 98,374,984-98,559,084 0.887 (0.865-0.911) 3.36e-19 0.891 2.79e-17 0.831 1.35e-3
52 rs140505938 TC 0.151 0.164 1 149,998,890-150,242,490 0.914 (0.888-0.940) 4.49e-10 0.913 9.34e-10 0.928 2.53e-1
120 rs6670165 TC 0.196 0.184 1 177,247,821-177,300,821 1.075 (1.047-1.103) 4.45e-8 1.074 1.16e-7 1.090 1.46e-1
121 rs7523273 AG 0.695 0.685 1 207,912,183-208,024,083 1.063 (1.040-1.087) 4.47e-8 1.062 1.61e-7 1.092 8.85e-2
101 rs10803138 AG 0.232 0.238 1 243,503,719-243,612,019 0.933 (0.911-0.956) 2.03e-8 0.932 1.79e-8 0.968 5.56e-1
68 rs77149735 AG 0.0225 0.0191 1 243,555,105-243,555,105 1.317 (1.202-1.444) 3.73e-9 1.329 4.4e-9 1.173 3.66e-1
119 rs14403 TC 0.207 0.222 1 243,639,893-243,664,923 0.934 (0.911-0.957) 4.42e-8 0.935 1.31e-7 0.920 1.53e-1
78 chr1_243881945_I I2D 0.638 0.619 1 243,690,945-244,002,945 1.068 (1.045-1.092) 6.53e-9 1.066 3.11e-8 1.107 6.17e-2
30 rs11682175 TC 0.52 0.542 2 57,943,593-58,065,893 0.933 (0.914-0.952) 1.47e-11 0.928 2.54e-12 1.018 7.08e-1
117 rs75575209 AT 0.904 0.913 2 58,025,192-58,502,192 0.902 (0.869-0.936) 3.95e-8 0.896 1.01e-8 1.056 5.6e-1
80 rs3768644 AG 0.0967 0.101 2 72,357,335-72,368,185 0.904 (0.874-0.935) 7.39e-9 0.910 1.3e-7 0.765 2.15e-3
62 chr2_146436222_I I2D 0.176 0.163 2 146,416,922-146,441,832 1.086 (1.057-1.116) 1.81e-9 1.084 1.07e-8 1.128 5.72e-2
95 chr2_149429178_D I2D 0.955 0.961 2 149,390,778-149,520,178 0.857 (0.813-0.904) 1.59e-8 0.856 2.62e-8 0.880 2.97e-1
124 rs2909457 AG 0.568 0.593 2 162,798,555-162,910,255 0.944 (0.925-0.964) 4.62e-8 0.943 4.38e-8 0.971 5.36e-1
18 rs11693094 TC 0.44 0.458 2 185,601,420-185,785,420 0.929 (0.910-0.948) 1.53e-12 0.929 7.13e-12 0.918 7.64e-2
83 rs59979824 AC 0.322 0.337 2 193,848,340-194,028,340 0.937 (0.916-0.958) 8.41e-9 0.936 1.08e-8 0.959 4.32e-1
33 rs6434928 AG 0.635 0.643 2 198,148,577-198,835,577 0.929 (0.909-0.949) 2.06e-11 0.927 1.48e-11 0.969 5.36e-1
82 rs6704641 AG 0.819 0.805 2 200,161,422-200,309,252 1.081 (1.053-1.110) 8.33e-9 1.079 3.4e-8 1.123 8.1e-2
10 chr2_200825237_I I2D 0.741 0.754 2 200,715,237-200,848,037 0.909 (0.887-0.932) 5.65e-14 0.906 1.78e-14 1.011 8.7e-1
87 rs11685299 AC 0.313 0.326 2 225,334,096-225,467,796 0.939 (0.919-0.959) 1.12e-8 0.937 1.11e-8 0.974 6.12e-1
23 rs6704768 AG 0.54 0.552 2 233,559,301-233,753,501 0.930 (0.911-0.949) 2.32e-12 0.929 3.15e-12 0.953 3.19e-1
36 rs17194490 TG 0.169 0.156 3 2,532,786-2,561,686 1.101 (1.070-1.132) 2.69e-11 1.102 4.87e-11 1.080 2.31e-1
72 rs4330281 TC 0.479 0.48 3 17,221,366-17,888,266 0.940 (0.921-0.960) 4.64e-9 0.943 5.51e-8 0.890 1.44e-2
12 rs75968099 TC 0.346 0.324 3 36,843,183-36,945,783 1.085 (1.062-1.109) 1.05e-13 1.082 3.39e-12 1.152 5.05e-3
39 rs2535627 TC 0.545 0.529 3 52,541,105-52,903,405 1.071 (1.049-1.092) 4.26e-11 1.073 3.96e-11 1.029 5.41e-1
93 rs832187 TC 0.607 0.615 3 63,792,650-64,004,050 0.941 (0.922-0.961) 1.43e-8 0.941 2.58e-8 0.948 2.82e-1
42 rs7432375 AG 0.421 0.449 3 135,807,405-136,615,405 0.933 (0.914-0.953) 7.26e-11 0.931 5.27e-11 0.973 5.76e-1
28 chr3_180594593_I I2D 0.196 0.208 3 180,588,843-180,954,593 0.914 (0.890-0.938) 1.3e-11 0.914 5.35e-11 0.904 9.54e-2
106 rs9841616 AT 0.158 0.167 3 181,023,585-181,205,585 0.925 (0.900-0.951) 2.35e-8 0.922 1.65e-8 0.978 7.28e-1
111 rs215411 AT 0.331 0.314 4 23,366,403-23,443,403 1.064 (1.041-1.087) 3.06e-8 1.067 1.22e-8 0.998 9.68e-1
6 rs35518360 AT 0.909 0.922 4 103,146,888-103,198,090 0.857 (0.824-0.891) 7.98e-15 0.865 9.56e-13 0.662 6.61e-5
59 rs10520163 TC 0.493 0.47 4 170,357,552-170,646,052 1.065 (1.043-1.086) 1.47e-9 1.063 1.02e-8 1.100 4.33e-2
84 rs1106568 AG 0.747 0.761 4 176,851,001-176,875,801 0.934 (0.912-0.956) 9.47e-9 0.933 1.15e-8 0.953 3.95e-1
76 rs1501357 TC 0.794 0.802 5 45,291,475-45,393,775 0.926 (0.903-0.950) 5.05e-9 0.926 1.24e-8 0.924 2.09e-1
8 rs4391122 AG 0.505 0.532 5 60,499,143-60,843,543 0.922 (0.904-0.941) 1.1e-14 0.924 1.73e-13 0.889 1.46e-2 
71 rs16867576 AG 0.889 0.883 5 88,581,331-88,854,331 1.101 (1.066-1.138) 4.61e-9 1.101 1.36e-8 1.118 1.33e-1
110 rs4388249 TC 0.212 0.213 5 109,030,036-109,209,066 1.076 (1.048-1.104) 3.05e-8 1.075 1.03e-7 1.098 1.26e-1
86 rs10043984 TC 0.266 0.252 5 137,598,121-137,750,021 1.069 (1.045-1.094) 1.09e-8 1.069 2.18e-8 1.069 2.36e-1
73 rs3849046 TC 0.542 0.523 5 137,838,092-137,948,092 1.063 (1.042-1.085) 4.67e-9 1.065 4.83e-9 1.031 5.22e-1
128 chr5_140143664_I I12D 0.486 0.475 5 140,023,664-140,222,664 1.058 (1.036-1.079) 4.85e-8 1.055 3.6e-7 1.114 2.5e-2
79 rs79212538 TG 0.0512 0.046 5 151,941,104-152,495,104 1.155 (1.100-1.213) 7e-9 1.152 3.84e-8 1.214 5.77e-2
44 rs111294930 AG 0.788 0.782 5 152,097,521-152,323,121 1.094 (1.064-1.124) 1.06e-10 1.091 1.31e-9 1.147 1.92e-2
45 rs2973155 TC 0.353 0.373 5 152,505,619-152,711,619 0.933 (0.913-0.953) 1.11e-10 0.935 1.02e-9 0.892 2.55e-2
100 rs12522290 CG 0.84 0.83 5 152,795,306-152,797,656 1.084 (1.054-1.115) 1.99e-8 1.086 2.23e-8 1.051 4.6e-1
112 rs11740474 AT 0.601 0.621 5 153,671,057-153,688,217 0.942 (0.922-0.962) 3.15e-8 0.941 3.94e-8 0.964 4.51e-1
1 rs115329265 AG 0.864 0.85 6 28,303,247-28,712,247 1.205 (1.168-1.244) 3.48e-31 1.213 3.86e-32 1.037 6.44e-1
108 rs1339227 TC 0.347 0.368 6 73,132,701-73,171,901 0.942 (0.922-0.962) 2.69e-8 0.942 6.86e-8 0.936 1.78e-1
53 chr6_84280274_D I2D 0.524 0.505 6 84,279,922-84,407,274 1.068 (1.046-1.091) 8.15e-10 1.070 8.57e-10 1.040 4.6e-1
60 rs117074560 TC 0.0418 0.0476 6 96,459,651-96,459,651 0.849 (0.805-0.896) 1.64e-9 0.855 1.66e-8 0.730 1.61e-2
7 chr7_2025096_I DI3 0.405 0.423 7 1,896,096-2,190,096 0.922 (0.903-0.941) 8.2e-15 0.923 6.12e-14 0.911 5.76e-2
109 chr7_24747494_D DI3 0.104 0.0959 7 24,619,494-24,832,094 1.101 (1.064-1.139) 2.85e-8 1.095 3.59e-7 1.198 1.15e-2
48 rs12704290 AG 0.111 0.123 7 86,403,226-86,459,326 0.904 (0.876-0.933) 3.33e-10 0.899 1.04e-10 1.007 9.28e-1
56 rs6466055 AC 0.35 0.332 7 104,598,064-105,063,064 1.068 (1.046-1.091) 1.13e-9 1.068 2.46e-9 1.065 2.01e-1
115 rs211829 TC 0.641 0.628 7 110,034,393-110,106,693 1.061 (1.039-1.083) 3.71e-8 1.057 5.47e-7 1.154 4.33e-3
16 rs13240464 TC 0.667 0.647 7 110,843,815-111,205,915 1.083 (1.060-1.106) 3.03e-13 1.084 6.16e-13 1.065 2.19e-1
118 rs7801375 AG 0.146 0.152 7 131,539,263-131,567,263 0.924 (0.898-0.951) 4.42e-8 0.920 2.26e-8 0.998 9.73e-1
66 rs3735025 TC 0.657 0.642 7 137,039,644-137,085,244 1.066 (1.043-1.089) 3.28e-9 1.066 7.75e-9 1.065 2.24e-1
85 rs10503253 AC 0.223 0.219 8 4,177,794-4,192,544 1.073 (1.048-1.100) 1.06e-8 1.073 2.69e-8 1.075 2.11e-1
102 rs73229090 AC 0.107 0.116 8 27,412,627-27,453,627 0.908 (0.877-0.939) 2.1e-8 0.905 1.95e-8 0.958 5.91e-1
77 rs6984242 AG 0.586 0.6 8 60,475,469-60,954,469 0.941 (0.922-0.961) 5.97e-9 0.938 1.76e-9 1.015 7.66e-1
88 rs7819570 TG 0.187 0.174 8 89,340,626-89,753,626 1.079 (1.051-1.108) 1.22e-8 1.080 1.9e-8 1.059 3.46e-1
35 rs36068923 AG 0.787 0.803 8 111,460,061-111,630,761 0.919 (0.896-0.942) 2.61e-11 0.919 1.05e-10 0.908 9.79e-2
5 rs4129585 AC 0.447 0.424 8 143,309,503-143,330,533 1.087 (1.065-1.109) 1.74e-15 1.082 2.03e-13 1.194 2.12e-4
67 rs11139497 AT 0.346 0.337 9 84,630,941-84,813,641 1.069 (1.045-1.093) 3.61e-9 1.070 3.09e-9 1.031 5.76e-1
20 rs7893279 TG 0.899 0.889 10 18,681,005-18,770,105 1.125 (1.088-1.162) 1.97e-12 1.120 3.56e-11 1.231 7.32e-3
27 rs7907645 TG 0.9 0.888 10 104,423,800-104,423,800 1.143 (1.099-1.188) 1.27e-11 1.141 5.82e-11 1.185 8.59e-2
3 rs11191419 AT 0.337 0.36 10 104,585,135-104,956,335 0.906 (0.886-0.926) 6.2e-19 0.907 9.24e-18 0.891 2.23e-2
105 rs55833108 TG 0.208 0.196 10 104,587,583-105,165,583 1.075 (1.048-1.103) 2.23e-8 1.078 1.42e-8 1.015 8.02e-1
13 chr10_104957618_I I2D 0.0654 0.0756 10 104,957,618-104,957,618 0.843 (0.806-0.882) 1.06e-13 0.842 1.04e-13 0.911 5.45e-1
64 rs11027857 AG 0.515 0.499 11 24,367,320-24,412,990 1.064 (1.042-1.085) 2.55e-9 1.065 3.21e-9 1.043 3.74e-1
26 chr11_46350213_D I2D 0.835 0.85 11 46,342,943-46,751,213 0.906 (0.881-0.932) 1.26e-11 0.905 1.97e-11 0.934 3.06e-1
63 rs9420 AG 0.327 0.311 11 57,386,294-57,682,294 1.068 (1.045-1.092) 2.24e-9 1.063 6.65e-8 1.187 9.36e-4
114 rs12421382 TC 0.318 0.334 11 109,285,471-109,610,071 0.941 (0.921-0.962) 3.7e-8 0.943 1.72e-7 0.911 6.57e-2
37 rs2514218 TC 0.31 0.314 11 113,317,794-113,423,994 0.927 (0.907-0.948) 2.75e-11 0.930 4.09e-10 0.875 8.19e-3
81 rs77502336 CG 0.337 0.322 11 123,394,636-123,395,986 1.066 (1.043-1.090) 7.54e-9 1.071 2.01e-9 0.982 7.22e-1
24 rs55661361 AG 0.319 0.335 11 124,610,007-124,620,147 0.926 (0.906-0.946) 2.8e-12 0.925 3.68e-12 0.950 3.31e-1
17 rs10791097 TG 0.479 0.46 11 130,714,610-130,749,330 1.076 (1.055-1.098) 1.09e-12 1.077 2.88e-12 1.071 1.49e-1
38 rs75059851 AG 0.812 0.797 11 133,808,069-133,852,969 1.091 (1.063-1.119) 3.87e-11 1.096 1.23e-11 0.995 9.33e-1
4 rs2007044 AG 0.602 0.624 12 2,321,860-2,413,760 0.912 (0.894-0.931) 3.22e-18 0.912 2.63e-17 0.910 5.07e-2 
99 rs2239063 AC 0.729 0.714 12 2,474,631-2,523,731 1.067 (1.043-1.091) 1.93e-8 1.071 5.39e-9 0.972 6.17e-1
116 rs679087 AC 0.324 0.337 12 29,905,265-29,940,365 0.941 (0.921-0.962) 3.91e-8 0.941 7.06e-8 0.951 3.17e-1
103 rs324017 AC 0.293 0.309 12 57,428,314-57,490,104 0.938 (0.917-0.959) 2.13e-8 0.941 2.13e-7 0.877 1.52e-2
21 rs12826178 TG 0.0627 0.0708 12 57,569,471-57,682,971 0.846 (0.808-0.887) 2.02e-12 0.846 5.3e-12 0.862 1.71e-1
123 rs4240748 CG 0.358 0.366 12 92,243,186-92,258,286 0.943 (0.923-0.963) 4.59e-8 0.943 1.03e-7 0.941 2.16e-1
127 rs10860964 TC 0.65 0.646 12 103,559,855-103,616,655 1.060 (1.038-1.083) 4.84e-8 1.061 9.92e-8 1.056 2.71e-1
58 rs4766428 TC 0.481 0.474 12 110,723,245-110,723,245 1.068 (1.045-1.091) 1.4e-9 1.071 7.09e-10 1.009 8.62e-1
9 rs2851447 CG 0.723 0.741 12 123,448,113-123,909,113 0.915 (0.894-0.936) 1.86e-14 0.913 2.19e-14 0.953 3.67e-1
92 rs2068012 TC 0.76 0.771 14 30,189,985-30,190,316 0.933 (0.910-0.955) 1.41e-8 0.933 4.14e-8 0.919 1.32e-1
75 rs2332700 CG 0.262 0.249 14 72,417,326-72,450,526 1.073 (1.048-1.098) 4.86e-9 1.076 1.69e-9 0.988 8.38e-1
74 rs2693698 AG 0.412 0.418 14 99,707,919-99,719,219 0.939 (0.919-0.959) 4.8e-9 0.939 1.38e-8 0.933 1.51e-1
14 rs12887734 TG 0.299 0.287 14 103,996,234-104,184,834 1.088 (1.064-1.113) 1.36e-13 1.091 1.17e-13 1.033 5.3e-1
69 rs56205728 AG 0.291 0.274 15 40,566,759-40,602,237 1.074 (1.048-1.099) 4.18e-9 1.070 4.92e-8 1.142 1.25e-2
49 rs12903146 AG 0.544 0.52 15 61,831,663-61,909,663 1.067 (1.046-1.089) 3.38e-10 1.067 1.04e-9 1.078 1.47e-1
97 rs12148337 TC 0.478 0.465 15 70,573,672-70,628,872 1.060 (1.038-1.081) 1.79e-8 1.059 5.33e-8 1.068 1.73e-1
15 rs8042374 AG 0.75 0.725 15 78,803,032-78,926,732 1.093 (1.067-1.119) 2.44e-13 1.091 1.87e-12 1.117 4.57e-2
126 rs190065944 AG 0.274 0.26 15 78,859,610-78,859,610 1.078 (1.049-1.107) 4.71e-8 1.078 7.22e-8 1.074 4.22e-1
31 rs950169 TC 0.247 0.257 15 84,661,161-85,153,461 0.923 (0.902-0.945) 1.62e-11 0.924 7.62e-11 0.906 6.64e-2
11 rs4702 AG 0.547 0.562 15 91,416,560-91,429,040 0.922 (0.902-0.942) 8.3e-14 0.925 2.3e-12 0.872 4.3e-3
90 rs9922678 AG 0.299 0.281 16 9,875,519-9,970,219 1.067 (1.043-1.091) 1.28e-8 1.070 6.72e-9 1.005 9.31e-1
55 rs7405404 TC 0.238 0.223 16 13,728,459-13,761,359 1.077 (1.052-1.103) 1.01e-9 1.081 3.93e-10 0.999 9.81e-1
40 rs12691307 AG 0.524 0.51 16 29,924,377-30,144,877 1.073 (1.051-1.096) 4.55e-11 1.073 1.3e-10 1.074 1.41e-1
98 rs12325245 AT 0.849 0.859 16 58,669,293-58,682,833 0.920 (0.893-0.947) 1.87e-8 0.916 1.15e-8 0.984 8.11e-1
94 rs8044995 AG 0.173 0.162 16 67,709,340-68,311,340 1.081 (1.052-1.111) 1.51e-8 1.081 3.27e-8 1.090 1.95e-1
47 rs4523957 TG 0.642 0.627 17 2,095,899-2,220,799 1.071 (1.049-1.094) 2.86e-10 1.071 1.04e-9 1.084 1.05e-1
96 rs8082590 AG 0.611 0.614 17 17,722,402-18,030,202 0.939 (0.918-0.960) 1.77e-8 0.936 6.84e-9 1.003 9.49e-1
43 chr18_52749216_D I2D 0.589 0.567 18 52,747,686-52,752,696 1.071 (1.049-1.093) 8.03e-11 1.075 1.75e-11 0.988 8.1e-1
91 rs78322266 TG 0.0345 0.0292 18 52,987,176-53,172,676 1.188 (1.120-1.261) 1.32e-8 1.194 1.1e-8 1.070 6.53e-1
25 rs9636107 AG 0.49 0.503 18 53,195,247-53,200,117 0.930 (0.911-0.949) 3.34e-12 0.927 9.09e-13 0.997 9.47e-1
32 rs72934570 TC 0.0701 0.0797 18 53,453,389-53,585,689 0.873 (0.839-0.909) 1.97e-11 0.865 3.67e-12 1.018 8.37e-1
89 rs715170 TC 0.261 0.275 18 53,769,014-53,804,154 0.935 (0.914-0.957) 1.27e-8 0.936 3.47e-8 0.926 1.59e-1
51 rs2905426 TG 0.611 0.628 19 19,374,022-19,658,022 0.934 (0.914-0.954) 3.63e-10 0.937 6.92e-9 0.866 4.23e-3
70 rs2053079 AG 0.755 0.769 19 30,981,643-31,039,023 0.931 (0.909-0.954) 4.49e-9 0.929 3.79e-9 0.977 6.93e-1
125 rs56873913 TG 0.775 0.766 19 50,067,499-50,135,399 1.071 (1.045-1.098) 4.69e-8 1.069 2.19e-7 1.108 7.2e-2
29 rs6065094 AG 0.307 0.322 20 37,361,494-37,485,994 0.928 (0.908-0.948) 1.46e-11 0.928 5.52e-11 0.922 1.15e-1
122 rs7267348 TC 0.741 0.754 20 48,114,136-48,131,649 0.937 (0.916-0.959) 4.56e-8 0.938 1.18e-7 0.931 1.84e-1
41 chr22_39987017_D I2D 0.591 0.594 22 39,975,317-40,016,817 0.930 (0.911-0.951) 4.73e-11 0.928 2.2e-11 0.997 9.6e-1
34 rs9607782 AT 0.25 0.232 22 41,408,556-41,675,156 1.087 (1.060-1.113) 2.07e-11 1.091 6.76e-12 1.005 9.29e-1
113 rs1023500 TC 0.817 0.81 22 42,315,744-42,361,344 1.076 (1.048-1.104) 3.43e-8 1.076 5.04e-8 1.058 3.73e-1
61 rs6002655 TC 0.456 0.443 22 42,375,814-42,689,414 1.066 (1.044-1.088) 1.71e-9 1.068 1.48e-9 1.028 5.68e-1
104 rs12845396 AT 0.739 0.753 X 5,916,533-6,032,733 0.947 (0.930-0.966) 2.21e-8 0.950 3.14e-7 0.890 7.46e-3
19 rs1378559 TC 0.848 0.831 X 21,193,266-21,570,266 1.090 (1.064-1.116) 1.61e-12 1.088 1.68e-11 1.131 2.88e-2
46 rs5937157 TG 0.738 0.759 X 68,377,126-68,379,036 0.938 (0.919-0.956) 1.98e-10 0.934 5.74e-11 1.007 8.69e-1 